0.676
0.702
0.683
0.676
0.682
0.720
0.851
0.903
0.974
0.965
0.983
0.999
0.991
0.921
0.903
0.947
0.939
1.000
0.956
0.939
0.815
0.771
0.764
0.720
0.6554
0.6805
0.6630
0.6554
0.6617
0.6980
0.8259
0.8760
0.9449
0.9362
0.9537
0.9687
0.9612
0.8936
0.8760
0.9186
0.9111
0.9700
0.9274
0.9111
0.7908
0.7482
0.7407
0.6980
0.6423
0.6669
0.6497
0.6423
0.6485
0.6841
0.8094
0.8585
0.9260
0.9174
0.9346
0.9494
0.9420
0.8757
0.8585
0.9002
0.8929
0.9506
0.9088
0.8929
0.7750
0.7332
0.7258
0.6841
0.6166
0.6402
0.6237
0.6166
0.6225
0.6567
0.7770
0.8241
0.8890
0.8807
0.8972
0.9114
0.9043
0.8407
0.8241
0.8642
0.8572
0.9126
0.8725
0.8572
0.7440
0.7039
0.6968
0.6567
0.5920
0.6146
0.5988
0.5920
0.5976
0.6305
0.7459
0.7912
0.8534
0.8455
0.8614
0.8749
0.8681
0.8070
0.7912
0.8297
0.8229
0.8761
0.8376
0.8229
0.7142
0.6757
0.6689
0.6305
0.4440
0.4610
0.4491
0.4440
0.4482
0.4728
0.5594
0.5934
0.6401
0.6341
0.6460
0.6562
0.6511
0.6053
0.5934
0.6222
0.6172
0.6571
0.6282
0.6172
0.5357
0.5068
0.5017
0.4728
0.2886
0.2996
0.2919
0.2886
0.2913
0.3073
0.3636
0.3857
0.4160
0.4122
0.4199
0.4265
0.4232
0.3934
0.3857
0.4045
0.4012
0.4271
0.4083
0.4012
0.3482
0.3294
0.3261
0.3073
