0.0000
0.0000
0.0000
0.0000
0.0000
0.0000
0.1545
0.3471
0.5489
0.7240
0.8527
0.9598
1.0000
0.9228
0.8733
0.7250
0.5469
0.3481
0.1462
0.0000
0.0000
0.0000
0.0000
0.0000
0.0000
0.0000
0.0000
0.0000
0.0000
0.0000
0.1468
0.3297
0.5215
0.6878
0.8101
0.9118
0.9500
0.8766
0.8297
0.6888
0.5195
0.3307
0.1389
0.0000
0.0000
0.0000
0.0000
0.0000
0.0000
0.0000
0.0000
0.0000
0.0000
0.0000
0.1321
0.2967
0.4693
0.6190
0.7291
0.8207
0.8550
0.7890
0.7467
0.6199
0.4676
0.2976
0.1250
0.0000
0.0000
0.0000
0.0000
0.0000
0.0000
0.0000
0.0000
0.0000
0.0000
0.0000
0.1123
0.2522
0.3989
0.5262
0.6197
0.6976
0.7268
0.6706
0.6347
0.5269
0.3974
0.2530
0.1063
0.0000
0.0000
0.0000
0.0000
0.0000
0.0000
0.0000
0.0000
0.0000
0.0000
0.0000
0.1123
0.2522
0.3989
0.5262
0.6197
0.6976
0.7268
0.6706
0.6347
0.5269
0.3974
0.2530
0.1063
0.0000
0.0000
0.0000
0.0000
0.0000
0.0000
0.0000
0.0000
0.0000
0.0000
0.0000
0.1123
0.2522
0.3989
0.5262
0.6197
0.6976
0.7268
0.6706
0.6347
0.5269
0.3974
0.2530
0.1063
0.0000
0.0000
0.0000
0.0000
0.0000
0.0000
0.0000
0.0000
0.0000
0.0000
0.0000
0.1347
0.3027
0.4787
0.6314
0.7437
0.8371
0.8721
0.8047
0.7616
0.6323
0.4769
0.3036
0.1275
0.0000
0.0000
0.0000
0.0000
0.0000
